$collider
58.52 98 51.94
0.7650255 0 -0.644 0
12.05459 2.5 23.00308
0.9853528 0 0.170528
0.05
$collider
28.67 98 45.69
0.8406976 0 -0.5415048 0
12.05454 2.5 9.789514
0.9104835 0 0.4135453
0.05
$collider
19.66 98 37.3
0.9593335 0 -0.2822752 0
12.05454 2.5 9.789514
0.5415921 0 0.8406414
0.05
$collider
16.41 98 20.1
0.9968997 0 -0.0786835 0
11.02163 2.5 9.789514
0.1568791 0 0.9876178
0.05
$collider
83.91 98 61.71
0.9342541 0 -0.3566082 0
12.05459 2.5 14.91284
0.6663252 0 0.7456613
0.2
$collider
94.37 98 75.67
0.9657642 0 -0.2594214 0
12.05459 2.5 10.57332
0.5010799 0 0.865401
0.2
$collider
107.71 98 91.57
0.8853523 0 -0.4649208 0
12.25079 2.5 15.59662
0.8232373 0 0.5676974
0.2
$collider
134.21 98 104.16
0.875217 0 -0.4837306 0
8.514582 2.5 15.59662
0.8467385 0 0.5320095
0.2
$collider
123.24 98 111.1
0.9722727 0 -0.2338501 0
6.065752 2.5 11.67181
0.4547321 0 0.8906283
0.4
$collider
128.68 98 128.94
0.9996657 0 -0.02585598 0
7.703303 2.5 11.67181
0.05169467 0 0.9986629
0.4
$collider
150.96 98 115.76
0.9414617 0 -0.33712 0
10.04989 2.5 8.883672
0.634771 0 0.7727003
0.2
$collider
157.69 98 125.27
-0.9999807 0 -0.006211869 0
10.04989 2.5 8.883672
-0.01242324 0 0.9999228
0.2
$collider
155.62 98 139.2
-0.9262831 0 -0.3768284 0
10.04989 2.5 10.64172
-0.6980995 0 0.7160008
0.2
$collider
142.05 98 147.26
-0.810371 0 -0.5859171 0
10.04989 2.5 10.64172
-0.9496202 0 0.3134027
0.2
$collider
128.12 98 152.39
-0.9491516 0 -0.3148194 0
12.21198 2.5 9.786936
-0.5976226 0 0.8017775
0.2
$collider
121.68 98 163.76
0.998141 0 -0.06094779 0
14.17115 2.5 11.48442
0.121669 0 0.9925708
0.2
$collider
128.31 98 176.07
0.9273869 0 -0.3741036 0
12.5831 2.5 11.48442
0.6938776 0 0.720093
0.2
$collider
144.64 98 184.7
0.8213016 0 -0.5704942 0
12.5831 2.5 11.48442
0.9370957 0 0.3490726
0.5
$collider
172.99 98 187.18
0.6968102 0 -0.7172556 0
10.57752 2.5 20.60403
0.9995821 0 -0.02891135
0.5
$collider
197.88 98 182.07
0.5265463 0 -0.8501465 0
10.57752 2.5 8.018797
0.895283 0 -0.445498
0.5
$collider
208.46 98 179.22
0.7551252 0 -0.6555806 0
8.346761 2.5 8.018797
0.990091 0 0.1404281
0.5
$collider
223.66 98 181.1
0.731868 0 -0.6814465 0
9.945328 2.5 8.018797
0.9974578 0 0.07126135
0.5
$collider
208.41 98 169.03
0.5079269 0 -0.8614002 0
3.340011 2.5 6.08583
0.8750568 0 -0.4840206
0.2
$collider
215.7 98 166.45
0.695652 0 -0.718379 0
3.340011 2.5 6.08583
0.9994835 0 -0.03213668
0.2
$collider
223.28 98 169.77
0.9070304 0 -0.4210652 0
3.340011 2.5 6.08583
0.7638379 0 0.6454082
0.2
$collider
238.8 98 198.79
0.991064 0 -0.1333876 0
5.925802 2.5 6.08583
0.2643913 0 0.9644155
0.75
$collider
241 98 213.88
0.9999787 0 -0.006533465 0
5.925802 2.5 11.65146
0.01306665 0 0.9999146
0.75
$collider
236.76 98 232.98
-0.9809456 0 -0.1942823 0
5.925802 2.5 11.65146
-0.3811611 0 0.9245086
0.75
$collider
235.72 98 181.64
0.6725088 0 -0.7400892 0
11.14303 2.5 8.018797
0.995433 0 -0.09546399
0.5
$collider
235.65 98 192.94
0.9320539 0 -0.3623198 0
5.925802 2.5 6.08583
0.6754032 0 0.7374487
0.75
$collider
247.15 98 178.89
0.5298241 0 -0.8481075 0
11.14303 2.5 8.018797
0.8986956 0 -0.4385728
0.5
$collider
259.11 98 176.17
0.7277691 0 -0.6858222 0
11.14303 2.5 10.16258
0.9982405 0 0.05929571
0.5
$collider
268.52 98 178.9
0.8803824 0 -0.4742645 0
11.14303 2.5 7.317359
0.8350682 0 0.5501465
0.5
$collider
277 98 183.47
0.6565076 0 -0.7543195 0
11.14303 2.5 7.317359
0.9904328 0 -0.1379956
0.5
$collider
289.28 98 176.93
0.3696245 0 -0.9291812 0
10.65136 2.5 12.74119
0.6868963 0 -0.7267557
0.5
$collider
305.98 98 163.29
0.6159779 0 -0.7877634 0
12.94466 2.5 14.96925
0.9704899 0 -0.2411426
0.35
$collider
326.25 98 161.82
0.8042631 0 -0.5942734 0
12.94466 2.5 14.96925
0.9559043 0 0.2936783
0.35
$collider
342.8 98 168.7
0.9554609 0 -0.2951178 0
12.94466 2.5 14.96925
0.563947 0 0.825811
0.35
$collider
353.6 98 186.1
-0.9919029 0 -0.1269987 0
12.94466 2.5 14.96925
-0.2519405 0 0.9677427
0.35
$collider
343.12 98 208.21
-0.9606491 0 -0.2777649 0
9.874933 2.5 14.96925
-0.5336692 0 0.8456933
0.35
$collider
355.66 98 222.31
-0.99929 0 -0.03767639 0
5.403423 2.5 19.83371
-0.07529943 0 0.997161
0.5
$collider
362.85 98 253.55
0.9231412 0 -0.384461 0
5.403423 2.5 16.95021
0.7098237 0 0.7043793
0.6
$collider
374.59 98 282.59
-0.9926759 0 -0.1208081 0
5.403423 2.5 21.80966
-0.2398462 0 0.9708109
0.75
$collider
360.63 98 311.38
-0.6121353 0 -0.7907531 0
9.617572 2.5 13.14286
-0.9680957 0 -0.2505808
0.6
$collider
341.1 98 315.3
-0.9991232 0 -0.04186709 0
9.617572 2.5 13.14286
-0.08366078 0 0.9964943
0.6
$collider
342.91 98 339.8
-0.8668855 0 -0.4985073 0
13.26381 2.5 10.6739
-0.8642973 0 0.5029812
0.5
$collider
326.12 98 348.76
-0.2273277 0 -0.9738184 0
9.60649 2.5 14.56725
-0.4427518 0 -0.8966444
0.5
$collider
315.01 98 325.51
-0.3611205 0 -0.9325191 0
8.747854 2.5 12.22888
-0.6735038 0 -0.7391841
0.65
$collider
299.08 98 314.79
-0.9340433 0 -0.3571597 0
8.747854 2.5 12.22888
-0.667205 0 0.7448741
0.65
$collider
288 98 327.6
-0.6073921 0 -0.7944022 0
9.24303 2.5 8.885955
-0.9650272 0 -0.26215
0.65
$collider
274 98 324.7
-0.8966321 0 -0.4427764 0
9.24303 2.5 8.885955
-0.7940152 0 0.607898
0.75
$collider
261.43 98 334.44
-0.738124 0 -0.6746651 0
9.24303 2.5 9.502941
-0.995973 0 0.08965403
0.75
$collider
247.38 98 331.04
-0.8965752 0 -0.4428915 0
9.24303 2.5 8.885955
-0.7941709 0 0.6076944
0.75
$collider
237.64 98 337.29
-0.9872338 0 -0.159278 0
9.24303 2.5 8.885955
-0.3144891 0 0.9492611
0.75
$collider
233.73 98 348.46
-0.7233527 0 -0.6904787 0
7.670946 2.5 7.325184
-0.9989194 0 0.04647839
0.75
$collider
225.3 98 346.5
-0.5292554 0 -0.8484626 0
7.670946 2.5 7.325184
-0.8981069 0 -0.4397777
0.75
$collider
215.28 98 341.25
-0.9341002 0 -0.3570111 0
7.670946 2.5 7.325184
-0.6669681 0 0.7450863
0.75
$collider
198.9 98 358.1
-0.9290971 0 -0.369836 0
7.670946 2.5 18.15063
-0.6872272 0 0.7264426
0.85
$collider
162.84 98 369.71
-0.6761857 0 -0.7367312 0
9.125391 2.5 28.95927
-0.9963343 0 -0.08554578
0.9
$collider
327.58 98 226.17
-0.8557435 0 -0.5174004 0
9.874933 2.5 14.96925
-0.885524 0 0.4645938
0.45
$collider
297.39 98 237.11
-0.7938006 0 -0.6081781 0
9.874933 2.5 19.47679
-0.9655443 0 0.2602386
0.45
$collider
268.51 98 251.33
-0.8941442 0 -0.4477792 0
9.874933 2.5 16.33109
-0.8007584 0 0.5989875
0.45
$collider
246.96 98 261.55
-0.4067613 0 -0.9135345 0
9.874933 2.5 16.33109
-0.743181 0 -0.6690906
0.45
$collider
230.5 98 248.7
-0.8856382 0 -0.464376 0
9.874933 2.5 16.33109
-0.8225383 0 0.5687097
0.45
$collider
215.31 98 263.16
-0.9839923 0 -0.1782109 0
9.874933 2.5 13.9954
-0.3507161 0 0.9364818
0.45
$collider
216.85 98 276.84
0.9832466 0 -0.1822806 0
14.05155 2.5 8.05718
0.3584537 0 0.9335475
0.35
$collider
221.99 98 290.68
-0.9945038 0 -0.1047009 0
15.6005 2.5 13.02036
-0.2082507 0 0.9780755
0.35
$collider
200.85 98 310.26
-0.8273363 0 -0.561707 0
7.500638 2.5 26.0359
-0.9294412 0 0.3689702
0.4
$collider
159.54 98 332.32
-0.8995439 0 -0.4368304 0
11.73499 2.5 23.20358
-0.7858964 0 0.6183583
0.45
$collider
126.22 98 362.96
-0.8686112 0 -0.4954944 0
15.83532 2.5 23.20358
-0.8607841 0 0.5089703
0.45
