$collider
261.78 101.68 248.82
-0.2999741 0 -0.9539474 0
19.89831 3.37487 4.336552
$collider
294.29 101.68 240.93
-0.164581 0 -0.9863636 0
12.38767 3.37487 3.073631
$collider
221.89 101.68 187.67
0.1884555 0 -0.9820818 0
6.296398 3.37487 3.073631
$collider
237.05 101.68 198.06
-0.004313022 0 -0.9999907 0
7.467446 3.37487 5.24417
$collider
235.92 101.68 189.72
-0.004313022 0 -0.9999907 0
9.120719 3.37487 3.073631
$collider
215.78 101.68 167.15
-0.004313022 0 -0.9999907 0
9.120719 3.37487 3.073631
$collider
193.28 101.68 189.38
-0.1841463 0 -0.9828988 0
5.847466 3.37487 2.714892
$collider
176.44 101.68 179.93
-0.08482686 0 -0.9963957 0
9.741518 3.37487 2.714892
$collider
112.55 101.68 171.34
0.5667543 0 -0.8238869 0
11.38107 3.37487 2.714892
$collider
112.43 101.68 158.91
0.8592106 0 -0.5116223 0
4.160703 3.37487 2.714892
$collider
133.87 101.68 170.68
0.4444184 0 -0.8958194 0
4.160703 3.37487 2.714892
$collider
141.11 101.68 176.45
0.2622787 0 -0.9649922 0
5.551191 3.37487 2.714892
$collider
139.47 101.68 141.16
-0.07820046 0 -0.9969377 0
5.551191 3.37487 2.714892
$collider
133.72 101.68 136.91
-0.7437106 0 -0.6685018 0
5.551191 3.37487 2.714892
$collider
124.37 101.68 142.9
-0.5797804 0 -0.8147728 0
5.551191 3.37487 2.714892
$collider
126.16 101.68 132.14
-0.636948 0 -0.7709067 0
5.551191 3.37487 2.714892
$collider
126.38 101.68 120.54
-0.7801919 0 -0.6255403 0
5.551191 3.37487 2.714892
$collider
135.1 101.68 110.43
-0.9707222 0 -0.240205 0
5.551191 3.37487 2.714892
$collider
121.38 101.68 108.02
-0.9956964 0 -0.09267499 0
8.653959 3.37487 5.512339
$collider
93.01 101.68 88.42
-0.8527238 0 -0.5223621 0
5.000777 3.37487 2.358639
$collider
78.85 101.68 66.64
-0.9488762 0 -0.3156484 0
7.070527 3.37487 2.358639
$collider
53.59 101.68 56.25
-0.9987285 0 -0.05041384 0
5.365556 3.37487 2.358639
$collider
65.99 101.68 59.69
-0.9815819 0 -0.1910421 0
8.322742 3.37487 2.358639
$collider
239.87 101.68 250.6
0.401745 0 -0.9157516 0
8.299185 3.37487 6.831779
