$collider
36.34 100.254 57.75
-0.9961389 0 -0.08779073 0
8.407028 2.88557 0.5
$collider
49.16 100.254 38.87
-0.9993859 0 -0.03504075 0
7.24284 2.88557 0.5
$collider
37.45 100.254 36.57
-0.9828283 0 -0.1845229 0
4.936409 2.88557 0.5
$collider
30.87 100.254 31.7
-0.8880559 0 -0.4597355 0
3.924649 2.88557 0.5
$collider
28.16 100.254 24.89
-0.7539321 0 -0.6569524 0
3.924649 2.88557 0.5
$collider
26.53 100.254 7.38
-0.735682 0 -0.6773272 0
13.66803 2.88557 0.5
$collider
5.49 100.254 17.44
-0.81205 0 -0.5835879 0
4.863333 2.88557 0.5
$collider
23.3 100.254 -4.53
-0.04126371 0 -0.9991483 0
2.741437 2.88557 0.5
$collider
9.72 100.254 32.45
0.6174508 0 -0.7866096 0
10.90529 2.88557 0.5
$collider
13.3 100.254 45.95
0.5666122 0 -0.8239846 0
3.470955 2.88557 0.5
$collider
16.98 100.254 50.87
0.324151 0 -0.9460054 0
3.470955 2.88557 0.5
$collider
23.85 100.254 54.58
0.1891135 0 -0.9819552 0
4.712724 2.88557 0.5
$collider
50.12 100.254 59.02
0.9999556 0 -0.009424243 0
5.644909 2.88557 0.5
$collider
59.54 100.254 59.74
-0.9946066 0 -0.1037202 0
4.007347 2.88557 0.5
$collider
67.07 100.254 62.37
-0.9724534 0 -0.2330974 0
4.191553 2.88557 0.5
$collider
76.92 100.254 69.39
-0.9393349 0 -0.3430016 0
8.12007 2.88557 0.5
$collider
85.01 100.254 77.74
-0.8723112 0 -0.488951 0
3.828466 2.88557 0.5
$collider
87.8 100.254 84.27
-0.7922477 0 -0.6101997 0
3.582541 2.88557 0.5
$collider
90.25 100.254 90.49
-0.8582885 0 -0.5131675 0
3.582541 2.88557 0.5
$collider
94.39 100.254 95.41
-0.9451253 0 -0.3267081 0
3.582541 2.88557 0.5
$collider
100.14 100.254 98.61
-0.9876997 0 -0.1563629 0
3.582541 2.88557 0.5
$collider
106.71 100.254 101.18
-0.9762348 0 -0.2167155 0
3.582541 2.88557 0.5
$collider
112.87 100.254 105.06
-0.9430764 0 -0.3325762 0
3.858692 2.88557 0.5
$collider
118.03 100.254 110.13
-0.903677 0 -0.4282147 0
3.582541 2.88557 0.5
$collider
121.84 100.254 116.31
-0.8368837 0 -0.5473807 0
3.768198 2.88557 0.5
$collider
123.9 100.254 123.18
-0.7535353 0 -0.6574075 0
3.582541 2.88557 0.5
$collider
123.25 100.254 132.34
-0.6363544 0 -0.7713969 0
5.883917 2.88557 0.5
$collider
120.74 100.254 141.75
-0.5574269 0 -0.8302261 0
3.98734 2.88557 0.5
$collider
116.75 100.254 148.3
-0.4106113 0 -0.9118105 0
3.98734 2.88557 0.5
$collider
111.7 100.254 154.4
-0.4502706 0 -0.8928922 0
3.98734 2.88557 0.5
$collider
108.02 100.254 161.36
-0.5971964 0 -0.8020951 0
3.98734 2.88557 0.5
$collider
109.13 100.254 170.79
-0.8295031 0 -0.5585022 0
6.455455 2.88557 0.5
$collider
116.32 100.254 180.88
-0.9398261 0 -0.3416532 0
6.455455 2.88557 0.5
$collider
132.21 100.254 189.64
-0.9812656 0 -0.1926599 0
11.99924 2.88557 0.5
$collider
154.9 100.254 195.83
-0.9974628 0 -0.07119009 0
11.99924 2.88557 0.5
$collider
175.42 100.254 196.56
0.9987515 0 -0.04995406 0
8.819344 2.88557 0.5
$collider
192.04 100.254 192.4
0.9801725 0 -0.198146 0
8.819344 2.88557 0.5
$collider
63.54 100.254 40.6
-0.9968382 0 -0.07945894 0
7.24284 2.88557 0.5
$collider
76.52 100.254 43.45
-0.9895672 0 -0.1440724 0
6.128818 2.88557 0.5
$collider
87.14 100.254 48.46
-0.9551019 0 -0.2962776 0
6.128818 2.88557 0.5
$collider
95.64 100.254 56.59
-0.896956 0 -0.4421199 0
6.128818 2.88557 0.5
$collider
101.5 100.254 66.07
-0.8388112 0 -0.5444225 0
6.128818 2.88557 0.5
$collider
108.27 100.254 75.78
-0.9253536 0 -0.379105 0
6.128818 2.88557 0.5
$collider
119.1 100.254 84.58
-0.9552823 0 -0.2956955 0
8.034082 2.88557 0.5
$collider
132.52 100.254 93.35
-0.9613476 0 -0.2753378 0
8.034082 2.88557 0.5
$collider
146 100.254 102
-0.9573095 0 -0.2890648 0
8.034082 2.88557 0.5
$collider
158.45 100.254 111.73
-0.9305174 0 -0.3662476 0
8.034082 2.88557 0.5
$collider
166.32 100.254 121.42
-0.8471563 0 -0.5313438 0
4.865138 2.88557 0.5
$collider
167.72 100.254 130.28
-0.6643444 0 -0.7474266 0
4.865138 2.88557 0.5
$collider
165.67 100.254 139.66
-0.5898008 0 -0.8075488 0
4.865138 2.88557 0.5
$collider
161.01 100.254 147.7
-0.407094 0 -0.9133863 0
4.865138 2.88557 0.5
$collider
153.78 100.254 153.44
-0.2540112 0 -0.9672013 0
4.865138 2.88557 0.5
$collider
144.96 100.254 157.13
-0.1308458 0 -0.9914027 0
4.865138 2.88557 0.5
$collider
137.95 100.254 159.79
-0.2804847 0 -0.9598585 0
2.920712 2.88557 0.5
$collider
135.11 100.254 163.85
-0.6359476 0 -0.7717322 0
2.920712 2.88557 0.5
$collider
136.25 100.254 168.59
-0.8973285 0 -0.4413634 0
2.920712 2.88557 0.5
$collider
144.95 100.254 174.73
-0.9693499 0 -0.2456844 0
8.0659 2.88557 0.5
$collider
136.91 100.254 114.88
-0.9675844 0 -0.2525481 0
6.777069 2.88557 0.5
$collider
132.64 100.254 121.45
-0.8145453 0 -0.5800999 0
6.777069 2.88557 0.5
$collider
130.82 100.254 113.44
-0.6323255 0 -0.7747028 0
2.23034 2.88557 0.5
$collider
135.76 100.254 133.18
-0.7615887 0 -0.6480608 0
5.547422 2.88557 0.5
$collider
140.03 100.254 139.09
0.9999551 0 -0.009478851 0
3.787485 2.88557 0.5
$collider
145.97 100.254 136.23
0.9108435 0 -0.4127519 0
3.787485 2.88557 0.5
$collider
148.12 100.254 130.07
0.6880371 0 -0.7256755 0
3.787485 2.88557 0.5
$collider
145.36 100.254 122.26
0.4776198 0 -0.8785667 0
4.964062 2.88557 0.5
$collider
156.83 100.254 179.07
-0.9983889 0 -0.05674118 0
5.024965 2.88557 0.5
$collider
166.64 100.254 179.04
0.9981078 0 -0.06148846 0
5.024965 2.88557 0.5
$collider
176.48 100.254 177.29
0.9948832 0 -0.1010319 0
5.024965 2.88557 0.5
$collider
186.25 100.254 175.89
0.9997842 0 -0.02077559 0
5.024965 2.88557 0.5
$collider
194.89 100.254 174.41
0.9864559 0 -0.1640269 0
4.02071 2.88557 0.5
$collider
203.85 100.254 168.86
0.9412232 0 -0.3377854 0
6.81895 2.88557 0.5
$collider
212.93 100.254 163.71
0.9943612 0 -0.1060461 0
4.118762 2.88557 0.5
$collider
220.58 100.254 164.19
-0.9859567 0 -0.1670011 0
4.118762 2.88557 0.5
$collider
227.18 100.254 168.27
-0.9283015 0 -0.3718283 0
4.118762 2.88557 0.5
$collider
202.87 100.254 186.94
0.9468566 0 -0.3216561 0
3.49034 2.88557 0.5
$collider
208.56 100.254 184.39
0.9974934 0 -0.07075901 0
3.49034 2.88557 0.5
$collider
214.3 100.254 185.99
-0.9405214 0 -0.3397347 0
3.49034 2.88557 0.5
$collider
222.64 100.254 190.79
-0.9759185 0 -0.2181353 0
6.249837 2.88557 0.5
$collider
231.32 100.254 196.18
-0.9391294 0 -0.3435639 0
4.496774 2.88557 0.5
$collider
235.64 100.254 203.14
-0.7869312 0 -0.6170408 0
4.496774 2.88557 0.5
$collider
236.63 100.254 215.61
-0.7027787 0 -0.7114086 0
8.221796 2.88557 0.5
$collider
234.38 100.254 228.18
-0.5368204 0 -0.8436965 0
4.936555 2.88557 0.5
$collider
229.39 100.254 236.46
-0.4401844 0 -0.8979074 0
4.936555 2.88557 0.5
$collider
232.28 100.254 171.46
-0.9951084 0 -0.09878938 0
2.434645 2.88557 0.5
$collider
239.84 100.254 170.06
0.9867027 0 -0.1625354 0
5.80123 2.88557 0.5
$collider
249.56 100.254 166.26
0.9780243 0 -0.2084909 0
4.704652 2.88557 0.5
$collider
258.27 100.254 164.36
0.9999992 0 -0.001248807 0
4.704652 2.88557 0.5
$collider
266.58 100.254 165.18
-0.9936121 0 -0.1128498 0
3.83346 2.88557 0.5
$collider
271.18 100.254 168.03
-0.937519 0 -0.3479341 0
3.83346 2.88557 0.5
$collider
276.44 100.254 172.09
-0.9581782 0 -0.2861723 0
2.92173 2.88557 0.5
$collider
281.16 100.254 172.82
0.9847396 0 -0.1740344 0
2.92173 2.88557 0.5
$collider
286.57 100.254 167.02
0.8555622 0 -0.5177001 0
5.917816 2.88557 0.5
$collider
293.42 100.254 157.82
0.9256623 0 -0.3783507 0
5.917816 2.88557 0.5
$collider
243.48 100.254 230.69
-0.5598589 0 -0.8285879 0
8.073501 2.88557 0.5
$collider
246.33 100.254 217.04
-0.7172957 0 -0.6967689 0
6.402727 2.88557 0.5
$collider
245.67 100.254 206.13
-0.7428051 0 -0.6695078 0
4.544373 2.88557 0.5
$collider
244.21 100.254 199.2
-0.830485 0 -0.557041 0
2.671902 2.88557 0.5
$collider
243.3 100.254 195.04
-0.7186069 0 -0.6954165 0
1.995179 2.88557 0.5
$collider
246.26 100.254 191.49
-0.2587537 0 -0.9659433 0
3.803118 2.88557 0.5
$collider
254.14 100.254 187.24
-0.2274984 0 -0.9737785 0
5.277194 2.88557 0.5
$collider
260.53 100.254 184.78
-0.04162281 0 -0.9991334 0
1.872079 2.88557 0.5
$collider
266.61 100.254 187.25
0.2613454 0 -0.9652454 0
5.277194 2.88557 0.5
$collider
274.87 100.254 190.97
0.1428372 0 -0.9897462 0
3.985835 2.88557 0.5
$collider
282.39 100.254 191.45
-0.08498032 0 -0.9963827 0
3.985835 2.88557 0.5
$collider
292.71 100.254 183.9
-0.3981314 0 -0.9173284 0
9.662451 2.88557 0.5
$collider
301.83 100.254 175.59
-0.222178 0 -0.9750062 0
2.91287 2.88557 0.5
$collider
313.68 100.254 173
-0.07483244 0 -0.9971961 0
9.425039 2.88557 0.5
$collider
10.25 100.254 11.2
-0.1661694 0 -0.9860972 0
5.887759 2.88557 0.5
$collider
16.28 100.254 4.41
-0.6990662 0 -0.715057 0
4.896535 2.88557 0.5
$collider
18.17 100.254 -6.42
0.337761 0 -0.9412319 0
3.541276 2.88557 0.5
$collider
18.04 100.254 -11.8
0.8724015 0 -0.48879 0
3.541276 2.88557 0.5
$collider
19.9 100.254 -19
0.7062916 0 -0.7079211 0
4.008643 2.88557 0.5
$collider
25.36 100.254 -23.68
0.9998497 0 -0.01733823 0
5.904025 2.88557 0.5
$collider
35.15 100.254 -28.95
0.9106312 0 -0.41322 0
5.904025 2.88557 0.5
$collider
43.39 100.254 -37.36
0.9359629 0 -0.3520987 0
5.904025 2.88557 0.5
$collider
52.94 100.254 -44.2
0.9677572 0 -0.2518849 0
5.904025 2.88557 0.5
$collider
63.62 100.254 -48.43
0.9937235 0 -0.1118645 0
5.904025 2.88557 0.5
$collider
83.19 100.19 -50.06
-0.9998068 -0.0004853095 0.009303036 0.01730924
13.9213 2.88557 0.5
$collider
300.91 100.254 151.72
0.9631981 0 -0.2687927 0
4.04573 2.88557 0.5
$collider
310.4 100.254 148.66
0.9965222 0 -0.08332805 0
6.27672 2.88557 0.5
$collider
322.42 100.254 148.22
-0.9987062 0 -0.05085149 0
6.27672 2.88557 0.5
$collider
334.42 100.254 151.04
-0.9830859 0 -0.1831449 0
6.27672 2.88557 0.5
$collider
345.3 100.254 156.75
-0.9560792 0 -0.2931087 0
6.27672 2.88557 0.5
$collider
354.63 100.254 164.82
-0.9177953 0 -0.3970539 0
6.27672 2.88557 0.5
$collider
361.56 100.254 174.9
-0.8486882 0 -0.5288935 0
6.27672 2.88557 0.5
$collider
365.18 100.254 184.95
-0.7722917 0 -0.6352681 0
4.691664 2.88557 0.5
$collider
364.13 100.254 194.66
-0.6060125 0 -0.7954552 0
6.900291 2.88557 0.5
$collider
10.22 100.254 -2.53
-0.986452 0 -0.16405 0
6.911863 2.88557 0.5
$collider
4.03 100.254 -8.35
-0.6951898 0 -0.7188263 0
4.331399 2.88557 0.5
$collider
7.95 100.254 -13.56
-0.09872391 0 -0.9951149 0
4.331399 2.88557 0.5
$collider
12.76 100.254 -18.23
-0.6293005 0 -0.7771621 0
4.331399 2.88557 0.5
$collider
11.31 100.254 -25.88
-0.9036645 0 -0.4282412 0
4.331399 2.88557 0.5
$collider
6.79 100.254 -33.2
-0.8300852 0 -0.5576367 0
4.331399 2.88557 0.5
$collider
10.9 100.254 -48.12
-0.5257018 0 -0.8506689 0
12.76406 2.88557 0.5
$collider
27.5 100.254 -65.64
-0.2422899 0 -0.9702039 0
12.76406 2.88557 0.5
$collider
50.3 100.254 -76.61
-0.1878223 0 -0.9822031 0
12.76406 2.88557 0.5
$collider
74.79 100.254 -81.67
-0.0102732 0 -0.9999472 0
12.76406 2.88557 0.5
$collider
93.8 100.254 -81.48
0.04071024 0 -0.999171 0
6.376336 2.88557 0.5
$collider
326.97 100.254 172.72
0.1313645 0 -0.9913341 0
4.2841 2.88557 0.5
$collider
334.18 100.254 176.52
0.3439912 0 -0.9389729 0
4.2841 2.88557 0.5
$collider
339.59 100.254 182.74
0.4927018 0 -0.8701982 0
4.2841 2.88557 0.5
$collider
342.29 100.254 189.7
0.6301448 0 -0.7764777 0
3.698969 2.88557 0.5
$collider
341.33 100.254 196.16
0.8613019 0 -0.5080935 0
3.698969 2.88557 0.5
$collider
333.44 100.254 207.44
0.8945067 0 -0.4470547 0
10.14523 2.88557 0.5
$collider
361.87 100.254 208.07
-0.6798369 0 -0.7333634 0
6.900291 2.88557 0.5
$collider
361.21 100.254 223.95
-0.6988089 0 -0.7153085 0
9.136222 2.88557 0.5
$collider
323.3 100.254 218.26
0.9548931 0 -0.2969498 0
5.095105 2.88557 0.5
$collider
314.93 100.254 224.14
0.9608075 0 -0.2772166 0
5.095105 2.88557 0.5
$collider
306.14 100.254 227.61
0.9946708 0 -0.1031017 0
5.095105 2.88557 0.5
$collider
291.25 100.254 230.1
0.9972119 0 -0.07462246 0
10.15045 2.88557 0.5
$collider
275.35 100.254 234.54
0.9739621 0 -0.2267108 0
6.774916 2.88557 0.5
$collider
265.2 100.254 242.4
0.9094743 0 -0.4157604 0
6.774916 2.88557 0.5
$collider
256.58 100.254 249.63
0.9724194 0 -0.2332392 0
4.875123 2.88557 0.5
$collider
248.13 100.254 249.14
-0.9510824 0 -0.3089375 0
4.875123 2.88557 0.5
$collider
242.5 100.254 242.11
-0.8421552 0 -0.5392352 0
4.875123 2.88557 0.5
$collider
351.53 100.254 221.01
-0.7322424 0 -0.6810441 0
4.352036 2.88557 0.5
$collider
349.22 100.254 218.73
-0.4377732 0 -0.8990855 0
3.159066 2.88557 0.5
$collider
344.57 100.254 223.17
-0.3867708 0 -0.9221759 0
3.159066 2.88557 0.5
$collider
340.6 100.254 227.87
-0.4531755 0 -0.8914213 0
3.159066 2.88557 0.5
$collider
335.91 100.254 232.4
-0.3096647 0 -0.9508458 0
3.58085 2.88557 0.5
$collider
329.62 100.254 234.86
-0.04959484 0 -0.9987695 0
3.58085 2.88557 0.5
$collider
323.15 100.254 236.82
-0.2388882 0 -0.9710471 0
3.58085 2.88557 0.5
$collider
318.63 100.254 240.04
-0.3735206 0 -0.9276219 0
2.241382 2.88557 0.5
$collider
311.64 100.254 241.06
0.05621397 0 -0.9984187 0
5.710682 2.88557 0.5
$collider
302.23 100.254 242.02
-0.2097099 0 -0.9777637 0
4.240587 2.88557 0.5
$collider
293.17 100.254 245.36
-0.1477132 0 -0.9890302 0
5.395608 2.88557 0.5
$collider
283.6 100.254 249.81
-0.2820727 0 -0.9593931 0
5.395608 2.88557 0.5
$collider
275.55 100.254 256.61
-0.4044567 0 -0.9145572 0
5.395608 2.88557 0.5
$collider
267.81 100.254 264.04
-0.3272947 0 -0.9449223 0
5.395608 2.88557 0.5
$collider
260.85 100.254 270.01
-0.3851616 0 -0.9228492 0
3.809158 2.88557 0.5
$collider
255.99 100.254 273.84
-0.2334835 0 -0.9723608 0
2.687472 2.88557 0.5
$collider
251.3 100.254 274.88
0.008984162 0 -0.9999596 0
2.687472 2.88557 0.5
$collider
246.61 100.254 273.56
0.251614 0 -0.9678277 0
2.687472 2.88557 0.5
$collider
241.93 100.254 268.77
0.4825789 0 -0.8758525 0
4.050214 2.88557 0.5
$collider
237.28 100.254 263.95
0.2664728 0 -0.9638425 0
3.14333 2.88557 0.5
$collider
232.83 100.254 260.87
0.3447211 0 -0.9387051 0
2.506352 2.88557 0.5
$collider
229 100.254 260.04
-0.1885262 0 -0.9820682 0
2.506352 2.88557 0.5
$collider
225.64 100.254 262.82
-0.5101429 0 -0.8600897 0
2.506352 2.88557 0.5
$collider
224.23 100.254 267.31
-0.6652239 0 -0.746644 0
2.506352 2.88557 0.5
$collider
224.82 100.254 271.88
-0.8465776 0 -0.5322654 0
2.506352 2.88557 0.5
$collider
227.53 100.254 275.75
-0.913693 0 -0.4064053 0
2.506352 2.88557 0.5
$collider
230.97 100.254 279.27
-0.9310285 0 -0.3649465 0
2.506352 2.88557 0.5
$collider
233.93 100.254 283.9
-0.8261613 0 -0.5634337 0
3.40126 2.88557 0.5
$collider
233.81 100.254 291.45
-0.5913638 0 -0.8064049 0
4.922226 2.88557 0.5
$collider
229.33 100.254 299.81
-0.4455987 0 -0.8952328 0
4.922226 2.88557 0.5
$collider
221.15 100.254 307.91
-0.3265938 0 -0.9451648 0
6.777117 2.88557 0.5
$collider
209.42 100.254 314.39
-0.1567487 0 -0.9876385 0
6.777117 2.88557 0.5
$collider
196.75 100.254 319.2
-0.2074348 0 -0.9782488 0
6.777117 2.88557 0.5
$collider
184.51 100.254 324.55
-0.2074348 0 -0.9782488 0
6.777117 2.88557 0.5
$collider
174.44 100.254 329.3
-0.2491361 0 -0.9684685 0
4.451917 2.88557 0.5
$collider
167.44 100.254 334.49
-0.3820498 0 -0.9241418 0
4.451917 2.88557 0.5
$collider
160.87 100.254 340.49
-0.3492847 0 -0.9370167 0
4.451917 2.88557 0.5
$collider
154.75 100.254 346.73
-0.4309692 0 -0.9023666 0
4.451917 2.88557 0.5
$collider
222.31 100.254 242.71
-0.2607383 0 -0.9654095 0
4.936555 2.88557 0.5
$collider
214.38 100.254 248.12
-0.3728238 0 -0.9279022 0
4.936555 2.88557 0.5
$collider
208.05 100.254 255.46
-0.4697614 0 -0.8827934 0
4.936555 2.88557 0.5
$collider
204.1 100.254 264.1
-0.6081707 0 -0.7938063 0
4.936555 2.88557 0.5
$collider
202.71 100.254 273.74
-0.6898425 0 -0.7239595 0
4.936555 2.88557 0.5
$collider
203.92 100.254 283.24
-0.8036891 0 -0.5950494 0
4.936555 2.88557 0.5
$collider
205.99 100.254 292.14
-0.7382038 0 -0.6745778 0
4.252399 2.88557 0.5
$collider
204.68 100.254 298.61
-0.4429929 0 -0.8965251 0
3.171855 2.88557 0.5
$collider
193.74 100.254 305.35
-0.213145 0 -0.9770206 0
10.12391 2.88557 0.5
$collider
175.09 100.254 312.02
-0.1259572 0 -0.9920357 0
10.12391 2.88557 0.5
$collider
161.6 100.254 316.05
-0.1958508 0 -0.9806337 0
3.984231 2.88557 0.5
$collider
151.74 100.254 322.13
-0.3162528 0 -0.948675 0
7.780967 2.88557 0.5
$collider
140.47 100.254 332.64
-0.4163487 0 -0.909205 0
7.780967 2.88557 0.5
$collider
129.17 100.254 343.14
-0.3180319 0 -0.94808 0
7.780967 2.88557 0.5
$collider
116.46 100.254 351.77
-0.2854901 0 -0.9583817 0
7.780967 2.88557 0.5
$collider
103.37 100.254 360.14
-0.2854901 0 -0.9583817 0
7.780967 2.88557 0.5
$collider
351.66 100.254 229.53
-0.6910266 0 -0.7228293 0
4.352036 2.88557 0.5
$collider
350.87 100.254 238.23
-0.6676238 0 -0.7444988 0
4.352036 2.88557 0.5
$collider
350.46 100.254 246.18
-0.7582057 0 -0.6520154 0
4.352036 2.88557 0.5
$collider
353.78 100.254 252.97
-0.9260163 0 -0.3774835 0
4.352036 2.88557 0.5
$collider
360.01 100.254 258.96
-0.9380543 0 -0.3464882 0
4.352036 2.88557 0.5
$collider
366.8 100.254 264.19
-0.9521072 0 -0.3057646 0
4.352036 2.88557 0.5
$collider
372.1 100.254 270.8
-0.8314524 0 -0.5555959 0
4.352036 2.88557 0.5
$collider
372.88 100.254 278.76
-0.6297099 0 -0.7768304 0
4.352036 2.88557 0.5
$collider
370.69 100.254 287.09
-0.595224 0 -0.8035598 0
4.352036 2.88557 0.5
$collider
367.49 100.254 295.13
-0.5230445 0 -0.8523055 0
4.352036 2.88557 0.5
$collider
361.84 100.254 300.86
-0.2365874 0 -0.9716102 0
4.352036 2.88557 0.5
$collider
345.27 100.254 304.18
-0.09278479 0 -0.9956862 0
4.352036 2.88557 0.5
$collider
353.82 100.254 303.25
-0.03201419 0 -0.9994874 0
4.352036 2.88557 0.5
$collider
338.88 100.254 306.5
-0.2634319 0 -0.964678 0
3.049834 2.88557 0.5
$collider
335.64 100.254 310.66
-0.5737435 0 -0.8190351 0
3.049834 2.88557 0.5
$collider
334.84 100.254 316.26
-0.7365906 0 -0.6763389 0
3.049834 2.88557 0.5
$collider
335.21 100.254 324.28
-0.7154049 0 -0.6987101 0
4.966606 2.88557 0.5
$collider
334.27 100.254 331.91
-0.5642176 0 -0.8256261 0
2.997845 2.88557 0.5
$collider
330.5 100.254 334.92
-0.1007058 0 -0.9949163 0
2.997845 2.88557 0.5
$collider
325.74 100.254 333.68
0.3474205 0 -0.9377095 0
2.997845 2.88557 0.5
$collider
322.4 100.254 329.17
0.5573528 0 -0.8302758 0
2.997845 2.88557 0.5
$collider
319.56 100.254 324.24
0.4345406 0 -0.9006522 0
2.997845 2.88557 0.5
$collider
316.08 100.254 319.54
0.4891246 0 -0.872214 0
2.997845 2.88557 0.5
$collider
312.26 100.254 315.44
0.3232103 0 -0.9463272 0
2.997845 2.88557 0.5
$collider
307.51 100.254 311.69
0.3382493 0 -0.9410565 0
2.997845 2.88557 0.5
$collider
302.32 100.254 308.96
0.1251069 0 -0.9921433 0
2.997845 2.88557 0.5
$collider
296.45 100.254 308.55
-0.02913341 0 -0.9995756 0
2.997845 2.88557 0.5
$collider
290.21 100.254 313.79
-0.4850896 0 -0.8744645 0
6.252301 2.88557 0.5
$collider
360.44 100.254 237.34
-0.695521 0 -0.7185059 0
4.352036 2.88557 0.5
$collider
362.15 100.254 245.32
-0.851126 0 -0.5249615 0
4.352036 2.88557 0.5
$collider
367.46 100.254 251.73
-0.9545705 0 -0.2979854 0
4.352036 2.88557 0.5
$collider
374.36 100.254 256.91
-0.9364985 0 -0.3506716 0
4.352036 2.88557 0.5
$collider
379.79 100.254 263.55
-0.8522049 0 -0.5232081 0
4.352036 2.88557 0.5
$collider
381.25 100.254 274.63
-0.6706088 0 -0.7418112 0
7.494509 2.88557 0.5
$collider
379 100.254 289.37
-0.6336656 0 -0.7736071 0
7.494509 2.88557 0.5
$collider
375.24 100.254 303.8
-0.5851469 0 -0.8109273 0
7.494509 2.88557 0.5
$collider
371.08 100.254 314.07
-0.524067 0 -0.8516771 0
3.535318 2.88557 0.5
$collider
366.58 100.254 318.99
-0.2592029 0 -0.9658229 0
3.535318 2.88557 0.5
$collider
359.91 100.254 321.03
-0.008344955 0 -0.9999652 0
3.535318 2.88557 0.5
$collider
354.46 100.254 319.13
0.3471073 0 -0.9378254 0
3.535318 2.88557 0.5
$collider
349.4 100.254 318.69
-0.3040669 0 -0.9526507 0
3.535318 2.88557 0.5
$collider
345.89 100.254 323.77
-0.6387442 0 -0.7694191 0
3.535318 2.88557 0.5
$collider
346.16 100.254 334.27
-0.7573265 0 -0.6530364 0
7.23962 2.88557 0.5
$collider
346.62 100.254 345.1
-0.6516066 0 -0.7585571 0
3.889617 2.88557 0.5
$collider
338.45 100.254 358.04
-0.3245565 0 -0.9458663 0
3.889617 2.88557 0.5
$collider
344.09 100.254 352.54
-0.4823291 0 -0.8759901 0
3.889617 2.88557 0.5
$collider
332.02 100.254 362.42
-0.2397738 0 -0.9708288 0
3.889617 2.88557 0.5
$collider
325.88 100.254 361.95
0.3958573 0 -0.9183121 0
3.889617 2.88557 0.5
$collider
320.81 100.254 356.1
0.4294889 0 -0.9030721 0
3.889617 2.88557 0.5
$collider
316.32 100.254 349.89
0.4875974 0 -0.8730686 0
3.889617 2.88557 0.5
$collider
314.17 100.254 342.93
0.6934251 0 -0.7205288 0
3.889617 2.88557 0.5
$collider
312.72 100.254 335.66
0.5792546 0 -0.8151467 0
3.889617 2.88557 0.5
$collider
309.32 100.254 328.95
0.4591872 0 -0.8883395 0
3.889617 2.88557 0.5
$collider
304.36 100.254 324.29
0.2425306 0 -0.9701438 0
3.217939 2.88557 0.5
$collider
299.3 100.254 325.15
-0.4434436 0 -0.8963023 0
3.217939 2.88557 0.5
$collider
295.89 100.254 330.51
-0.5061826 0 -0.8624264 0
3.217939 2.88557 0.5
$collider
291.9 100.254 335.38
-0.3484442 0 -0.9373296 0
3.217939 2.88557 0.5
$collider
286.63 100.254 336.89
0.1589406 0 -0.9872882 0
3.217939 2.88557 0.5
$collider
281.27 100.254 333.98
0.33205 0 -0.9432618 0
3.217939 2.88557 0.5
$collider
276.15 100.254 332.38
-0.07008612 0 -0.997541 0
2.891383 2.88557 0.5
$collider
285.39 100.254 319.43
-0.1768558 0 -0.9842368 0
2.003451 2.88557 0.5
$collider
280.46 100.254 318.6
0.2027285 0 -0.979235 0
3.717658 2.88557 0.5
$collider
273.29 100.254 317.79
-0.08950499 0 -0.9959864 0
3.717658 2.88557 0.5
$collider
268.1 100.254 321.4
-0.4463375 0 -0.8948647 0
3.717658 2.88557 0.5
$collider
263.94 100.254 327.25
-0.4542619 0 -0.8908682 0
3.717658 2.88557 0.5
$collider
259.47 100.254 330.81
-0.1409477 0 -0.9900171 0
2.671095 2.88557 0.5
$collider
254.75 100.254 330.8
0.1321367 0 -0.9912315 0
2.671095 2.88557 0.5
$collider
250.59 100.254 328.4
0.3817995 0 -0.9242452 0
2.671095 2.88557 0.5
$collider
247.59 100.254 324.72
0.4640807 0 -0.885793 0
2.671095 2.88557 0.5
$collider
242.46 100.254 324.32
-0.2329017 0 -0.9725003 0
4.571064 2.88557 0.5
$collider
235.46 100.254 329.6
-0.3959441 0 -0.9182746 0
4.571064 2.88557 0.5
$collider
269.73 100.254 336.96
-0.4074757 0 -0.9132161 0
5.793164 2.88557 0.5
$collider
258.59 100.254 342.07
0.0430011 0 -0.9990751 0
5.793164 2.88557 0.5
$collider
265.16 100.254 341.9
-0.2862498 0 -0.958155 0
1.452069 2.88557 0.5
$collider
250.19 100.254 340.33
0.2008259 0 -0.979627 0
3.078076 2.88557 0.5
$collider
245.41 100.254 340.07
-0.1996095 0 -0.9798756 0
2.518226 2.88557 0.5
$collider
242.52 100.254 343.06
-0.5619447 0 -0.8271748 0
2.518226 2.88557 0.5
$collider
240.79 100.254 347.82
-0.5619447 0 -0.8271748 0
2.518226 2.88557 0.5
$collider
238.2 100.254 351.73
-0.3850054 0 -0.9229143 0
2.518226 2.88557 0.5
$collider
234.33 100.254 354.5
-0.197674 0 -0.9802678 0
2.518226 2.88557 0.5
$collider
229.65 100.254 355.14
0.1015961 0 -0.9948257 0
2.518226 2.88557 0.5
$collider
223.16 100.254 352.31
0.2695718 0 -0.9629803 0
4.823852 2.88557 0.5
$collider
217.06 100.254 349.99
-0.08144602 0 -0.9966778 0
2.362086 2.88557 0.5
$collider
211.59 100.254 353.56
-0.3803094 0 -0.9248593 0
4.829928 2.88557 0.5
$collider
204.39 100.254 359.39
-0.2986468 0 -0.9543637 0
4.500648 2.88557 0.5
$collider
199.12 100.254 365.8
-0.5515534 0 -0.8341396 0
4.500648 2.88557 0.5
$collider
195.3 100.254 372.42
-0.4088465 0 -0.9126032 0
3.421391 2.88557 0.5
$collider
188.06 100.254 377.17
-0.1967329 0 -0.9804571 0
5.58186 2.88557 0.5
$collider
177.44 100.254 378.84
0.04156841 0 -0.9991357 0
5.58186 2.88557 0.5
$collider
232.14 100.254 336.59
-0.7214659 0 -0.69245 0
4.571064 2.88557 0.5
$collider
230.99 100.254 342.52
-0.3599246 0 -0.9329814 0
2.174746 2.88557 0.5
$collider
227.6 100.254 343.54
0.1213688 0 -0.9926075 0
2.174746 2.88557 0.5
$collider
224.87 100.254 341.36
0.5135934 0 -0.8580337 0
2.174746 2.88557 0.5
$collider
222.57 100.254 337.97
0.4035174 0 -0.9149719 0
2.174746 2.88557 0.5
$collider
216.65 100.254 335.79
0.07418791 0 -0.9972443 0
5.039575 2.88557 0.5
$collider
209.18 100.254 338.55
-0.4110021 0 -0.9116344 0
5.039575 2.88557 0.5
$collider
204.23 100.254 345.7
-0.5372596 0 -0.8434169 0
3.845789 2.88557 0.5
$collider
199.53 100.254 351.14
-0.2875731 0 -0.9577587 0
3.845789 2.88557 0.5
$collider
193.98 100.254 355.75
-0.3970763 0 -0.9177856 0
3.845789 2.88557 0.5
$collider
191.36 100.254 360.59
-0.5630427 0 -0.8264278 0
3.845789 2.88557 0.5
$collider
186.67 100.254 365.52
-0.2135495 0 -0.9769323 0
3.845789 2.88557 0.5
$collider
179.5 100.254 367.2
-0.0300713 0 -0.9995478 0
3.845789 2.88557 0.5
$collider
169.34 100.254 365.65
0.1299965 0 -0.9915144 0
6.800459 2.88557 0.5
$collider
158.8 100.254 362.85
0.1532642 0 -0.9881853 0
4.076899 2.88557 0.5
$collider
152.73 100.254 360.46
0.2465932 0 -0.9691191 0
2.476624 2.88557 0.5
$collider
149.98 100.254 357.26
0.593462 0 -0.804862 0
2.476624 2.88557 0.5
$collider
150.58 100.254 352.66
0.8559329 0 -0.5170869 0
2.878143 2.88557 0.5
$collider
166.24 100.254 377.91
0.04156841 0 -0.9991357 0
5.58186 2.88557 0.5
$collider
155.13 100.254 377.34
0.01090429 0 -0.9999406 0
5.58186 2.88557 0.5
$collider
144.1 100.254 376.78
0.02710554 0 -0.9996326 0
5.58186 2.88557 0.5
$collider
133.06 100.254 376.49
-0.002947727 0 -0.9999956 0
5.58186 2.88557 0.5
$collider
121.84 100.254 376.79
-0.02103583 0 -0.9997787 0
5.58186 2.88557 0.5
$collider
111.11 100.254 378.92
-0.1829711 0 -0.9831183 0
5.58186 2.88557 0.5
$collider
101.77 100.254 372.49
0.484063 0 -0.8750332 0
10.82701 2.88557 0.5
$collider
153.9882 99.81 194.245
-0.7581956 0.6520272 0 0
1.923301 1.277746 1.39098
$collider
216.43 98.94 169.41
-0.9853266 0 -0.1706797 0
2.904572 2.109185 1.712454
$collider
149.7271 99.66 193.2
0.707107 0 0 0.7071066
1.786371 2.681965 2.447687
$collider
214.4154 100.1 171.1151
1 0 0 0
1.909344 3.472531 1.376783
$collider
163.98 99.59 182.77
0.7714683 -0.1011485 0.5973986 -0.1942179
3.081887 1.506568 1.845951
$collider
131.82 99.44 165.155
1 0 0 0
3.081887 1.506568 1.845951
$collider
182.45 98.63 192.07
2.936521E-06 0 0 1
3.081887 1.506568 1.845951
$collider
206.85 99.38 181.65
-0.7350497 0.6780132 0 0
1.786371 2.681965 2.447687
$collider
186.54 99.28 192.76
-2.602259E-06 -0.4443201 1.290632E-06 0.8958681
1.923301 1.277746 1.39098
$collider
133.11 99.28 161.14
0.8500265 0 -0.52674 0
2.904572 2.109185 1.712454
